{
 "cells": [
  {
   "cell_type": "markdown",
   "id": "0ba98e5c",
   "metadata": {},
   "source": [
    "# Dissimilarity matrix (Binary)"
   ]
  },
  {
   "cell_type": "code",
   "execution_count": 3,
   "id": "1a348e71",
   "metadata": {},
   "outputs": [
    {
     "name": "stderr",
     "output_type": "stream",
     "text": [
      "UsageError: Line magic function `%` not found.\n"
     ]
    }
   ],
   "source": [
    "import pandas as pd\n",
    "import numpy as ny\n",
    "import seaborn as sns\n",
    "import matplotlib.pyplot as plt\n",
    "import math\n",
    "import statistics as st\n",
    "% matplotlib in line"
   ]
  },
  {
   "cell_type": "code",
   "execution_count": 4,
   "id": "d3f4d572",
   "metadata": {
    "scrolled": true
   },
   "outputs": [
    {
     "data": {
      "text/html": [
       "<div>\n",
       "<style scoped>\n",
       "    .dataframe tbody tr th:only-of-type {\n",
       "        vertical-align: middle;\n",
       "    }\n",
       "\n",
       "    .dataframe tbody tr th {\n",
       "        vertical-align: top;\n",
       "    }\n",
       "\n",
       "    .dataframe thead th {\n",
       "        text-align: right;\n",
       "    }\n",
       "</style>\n",
       "<table border=\"1\" class=\"dataframe\">\n",
       "  <thead>\n",
       "    <tr style=\"text-align: right;\">\n",
       "      <th></th>\n",
       "      <th>school</th>\n",
       "      <th>sex</th>\n",
       "      <th>age</th>\n",
       "      <th>address</th>\n",
       "      <th>famsize</th>\n",
       "      <th>Pstatus</th>\n",
       "      <th>Medu</th>\n",
       "      <th>Fedu</th>\n",
       "      <th>Mjob</th>\n",
       "      <th>Fjob</th>\n",
       "      <th>...</th>\n",
       "      <th>famrel</th>\n",
       "      <th>freetime</th>\n",
       "      <th>goout</th>\n",
       "      <th>Dalc</th>\n",
       "      <th>Walc</th>\n",
       "      <th>health</th>\n",
       "      <th>absences</th>\n",
       "      <th>G1</th>\n",
       "      <th>G2</th>\n",
       "      <th>G3</th>\n",
       "    </tr>\n",
       "  </thead>\n",
       "  <tbody>\n",
       "    <tr>\n",
       "      <th>0</th>\n",
       "      <td>GP</td>\n",
       "      <td>F</td>\n",
       "      <td>18</td>\n",
       "      <td>U</td>\n",
       "      <td>GT3</td>\n",
       "      <td>A</td>\n",
       "      <td>4</td>\n",
       "      <td>4</td>\n",
       "      <td>at_home</td>\n",
       "      <td>teacher</td>\n",
       "      <td>...</td>\n",
       "      <td>4</td>\n",
       "      <td>3</td>\n",
       "      <td>4</td>\n",
       "      <td>1</td>\n",
       "      <td>1</td>\n",
       "      <td>3</td>\n",
       "      <td>4</td>\n",
       "      <td>0</td>\n",
       "      <td>11</td>\n",
       "      <td>11</td>\n",
       "    </tr>\n",
       "    <tr>\n",
       "      <th>1</th>\n",
       "      <td>GP</td>\n",
       "      <td>F</td>\n",
       "      <td>17</td>\n",
       "      <td>U</td>\n",
       "      <td>GT3</td>\n",
       "      <td>T</td>\n",
       "      <td>1</td>\n",
       "      <td>1</td>\n",
       "      <td>at_home</td>\n",
       "      <td>other</td>\n",
       "      <td>...</td>\n",
       "      <td>5</td>\n",
       "      <td>3</td>\n",
       "      <td>3</td>\n",
       "      <td>1</td>\n",
       "      <td>1</td>\n",
       "      <td>3</td>\n",
       "      <td>2</td>\n",
       "      <td>9</td>\n",
       "      <td>11</td>\n",
       "      <td>11</td>\n",
       "    </tr>\n",
       "    <tr>\n",
       "      <th>2</th>\n",
       "      <td>GP</td>\n",
       "      <td>F</td>\n",
       "      <td>15</td>\n",
       "      <td>U</td>\n",
       "      <td>LE3</td>\n",
       "      <td>T</td>\n",
       "      <td>1</td>\n",
       "      <td>1</td>\n",
       "      <td>at_home</td>\n",
       "      <td>other</td>\n",
       "      <td>...</td>\n",
       "      <td>4</td>\n",
       "      <td>3</td>\n",
       "      <td>2</td>\n",
       "      <td>2</td>\n",
       "      <td>3</td>\n",
       "      <td>3</td>\n",
       "      <td>6</td>\n",
       "      <td>12</td>\n",
       "      <td>13</td>\n",
       "      <td>12</td>\n",
       "    </tr>\n",
       "    <tr>\n",
       "      <th>3</th>\n",
       "      <td>GP</td>\n",
       "      <td>F</td>\n",
       "      <td>15</td>\n",
       "      <td>U</td>\n",
       "      <td>GT3</td>\n",
       "      <td>T</td>\n",
       "      <td>4</td>\n",
       "      <td>2</td>\n",
       "      <td>health</td>\n",
       "      <td>services</td>\n",
       "      <td>...</td>\n",
       "      <td>3</td>\n",
       "      <td>2</td>\n",
       "      <td>2</td>\n",
       "      <td>1</td>\n",
       "      <td>1</td>\n",
       "      <td>5</td>\n",
       "      <td>0</td>\n",
       "      <td>14</td>\n",
       "      <td>14</td>\n",
       "      <td>14</td>\n",
       "    </tr>\n",
       "    <tr>\n",
       "      <th>4</th>\n",
       "      <td>GP</td>\n",
       "      <td>F</td>\n",
       "      <td>16</td>\n",
       "      <td>U</td>\n",
       "      <td>GT3</td>\n",
       "      <td>T</td>\n",
       "      <td>3</td>\n",
       "      <td>3</td>\n",
       "      <td>other</td>\n",
       "      <td>other</td>\n",
       "      <td>...</td>\n",
       "      <td>4</td>\n",
       "      <td>3</td>\n",
       "      <td>2</td>\n",
       "      <td>1</td>\n",
       "      <td>2</td>\n",
       "      <td>5</td>\n",
       "      <td>0</td>\n",
       "      <td>11</td>\n",
       "      <td>13</td>\n",
       "      <td>13</td>\n",
       "    </tr>\n",
       "    <tr>\n",
       "      <th>5</th>\n",
       "      <td>GP</td>\n",
       "      <td>M</td>\n",
       "      <td>16</td>\n",
       "      <td>U</td>\n",
       "      <td>LE3</td>\n",
       "      <td>T</td>\n",
       "      <td>4</td>\n",
       "      <td>3</td>\n",
       "      <td>services</td>\n",
       "      <td>other</td>\n",
       "      <td>...</td>\n",
       "      <td>5</td>\n",
       "      <td>4</td>\n",
       "      <td>2</td>\n",
       "      <td>1</td>\n",
       "      <td>2</td>\n",
       "      <td>5</td>\n",
       "      <td>6</td>\n",
       "      <td>12</td>\n",
       "      <td>12</td>\n",
       "      <td>13</td>\n",
       "    </tr>\n",
       "    <tr>\n",
       "      <th>6</th>\n",
       "      <td>GP</td>\n",
       "      <td>M</td>\n",
       "      <td>16</td>\n",
       "      <td>U</td>\n",
       "      <td>LE3</td>\n",
       "      <td>T</td>\n",
       "      <td>2</td>\n",
       "      <td>2</td>\n",
       "      <td>other</td>\n",
       "      <td>other</td>\n",
       "      <td>...</td>\n",
       "      <td>4</td>\n",
       "      <td>4</td>\n",
       "      <td>4</td>\n",
       "      <td>1</td>\n",
       "      <td>1</td>\n",
       "      <td>3</td>\n",
       "      <td>0</td>\n",
       "      <td>13</td>\n",
       "      <td>12</td>\n",
       "      <td>13</td>\n",
       "    </tr>\n",
       "    <tr>\n",
       "      <th>7</th>\n",
       "      <td>GP</td>\n",
       "      <td>F</td>\n",
       "      <td>17</td>\n",
       "      <td>U</td>\n",
       "      <td>GT3</td>\n",
       "      <td>A</td>\n",
       "      <td>4</td>\n",
       "      <td>4</td>\n",
       "      <td>other</td>\n",
       "      <td>teacher</td>\n",
       "      <td>...</td>\n",
       "      <td>4</td>\n",
       "      <td>1</td>\n",
       "      <td>4</td>\n",
       "      <td>1</td>\n",
       "      <td>1</td>\n",
       "      <td>1</td>\n",
       "      <td>2</td>\n",
       "      <td>10</td>\n",
       "      <td>13</td>\n",
       "      <td>13</td>\n",
       "    </tr>\n",
       "    <tr>\n",
       "      <th>8</th>\n",
       "      <td>GP</td>\n",
       "      <td>M</td>\n",
       "      <td>15</td>\n",
       "      <td>U</td>\n",
       "      <td>LE3</td>\n",
       "      <td>A</td>\n",
       "      <td>3</td>\n",
       "      <td>2</td>\n",
       "      <td>services</td>\n",
       "      <td>other</td>\n",
       "      <td>...</td>\n",
       "      <td>4</td>\n",
       "      <td>2</td>\n",
       "      <td>2</td>\n",
       "      <td>1</td>\n",
       "      <td>1</td>\n",
       "      <td>1</td>\n",
       "      <td>0</td>\n",
       "      <td>15</td>\n",
       "      <td>16</td>\n",
       "      <td>17</td>\n",
       "    </tr>\n",
       "    <tr>\n",
       "      <th>9</th>\n",
       "      <td>GP</td>\n",
       "      <td>M</td>\n",
       "      <td>15</td>\n",
       "      <td>U</td>\n",
       "      <td>GT3</td>\n",
       "      <td>T</td>\n",
       "      <td>3</td>\n",
       "      <td>4</td>\n",
       "      <td>other</td>\n",
       "      <td>other</td>\n",
       "      <td>...</td>\n",
       "      <td>5</td>\n",
       "      <td>5</td>\n",
       "      <td>1</td>\n",
       "      <td>1</td>\n",
       "      <td>1</td>\n",
       "      <td>5</td>\n",
       "      <td>0</td>\n",
       "      <td>12</td>\n",
       "      <td>12</td>\n",
       "      <td>13</td>\n",
       "    </tr>\n",
       "  </tbody>\n",
       "</table>\n",
       "<p>10 rows × 33 columns</p>\n",
       "</div>"
      ],
      "text/plain": [
       "  school sex  age address famsize Pstatus  Medu  Fedu      Mjob      Fjob  \\\n",
       "0     GP   F   18       U     GT3       A     4     4   at_home   teacher   \n",
       "1     GP   F   17       U     GT3       T     1     1   at_home     other   \n",
       "2     GP   F   15       U     LE3       T     1     1   at_home     other   \n",
       "3     GP   F   15       U     GT3       T     4     2    health  services   \n",
       "4     GP   F   16       U     GT3       T     3     3     other     other   \n",
       "5     GP   M   16       U     LE3       T     4     3  services     other   \n",
       "6     GP   M   16       U     LE3       T     2     2     other     other   \n",
       "7     GP   F   17       U     GT3       A     4     4     other   teacher   \n",
       "8     GP   M   15       U     LE3       A     3     2  services     other   \n",
       "9     GP   M   15       U     GT3       T     3     4     other     other   \n",
       "\n",
       "   ... famrel freetime  goout  Dalc  Walc health absences  G1  G2  G3  \n",
       "0  ...      4        3      4     1     1      3        4   0  11  11  \n",
       "1  ...      5        3      3     1     1      3        2   9  11  11  \n",
       "2  ...      4        3      2     2     3      3        6  12  13  12  \n",
       "3  ...      3        2      2     1     1      5        0  14  14  14  \n",
       "4  ...      4        3      2     1     2      5        0  11  13  13  \n",
       "5  ...      5        4      2     1     2      5        6  12  12  13  \n",
       "6  ...      4        4      4     1     1      3        0  13  12  13  \n",
       "7  ...      4        1      4     1     1      1        2  10  13  13  \n",
       "8  ...      4        2      2     1     1      1        0  15  16  17  \n",
       "9  ...      5        5      1     1     1      5        0  12  12  13  \n",
       "\n",
       "[10 rows x 33 columns]"
      ]
     },
     "execution_count": 4,
     "metadata": {},
     "output_type": "execute_result"
    }
   ],
   "source": [
    "std = pd.read_csv('studentpor.csv')\n",
    "std.head(10)"
   ]
  },
  {
   "cell_type": "code",
   "execution_count": 5,
   "id": "1a743e05",
   "metadata": {},
   "outputs": [
    {
     "name": "stderr",
     "output_type": "stream",
     "text": [
      "C:\\Users\\RITESH PRADHAN\\AppData\\Local\\Temp\\ipykernel_17836\\1768128686.py:1: FutureWarning: The default value of numeric_only in DataFrame.corr is deprecated. In a future version, it will default to False. Select only valid columns or specify the value of numeric_only to silence this warning.\n",
      "  std.corr()\n"
     ]
    },
    {
     "data": {
      "text/html": [
       "<div>\n",
       "<style scoped>\n",
       "    .dataframe tbody tr th:only-of-type {\n",
       "        vertical-align: middle;\n",
       "    }\n",
       "\n",
       "    .dataframe tbody tr th {\n",
       "        vertical-align: top;\n",
       "    }\n",
       "\n",
       "    .dataframe thead th {\n",
       "        text-align: right;\n",
       "    }\n",
       "</style>\n",
       "<table border=\"1\" class=\"dataframe\">\n",
       "  <thead>\n",
       "    <tr style=\"text-align: right;\">\n",
       "      <th></th>\n",
       "      <th>age</th>\n",
       "      <th>Medu</th>\n",
       "      <th>Fedu</th>\n",
       "      <th>traveltime</th>\n",
       "      <th>studytime</th>\n",
       "      <th>failures</th>\n",
       "      <th>famrel</th>\n",
       "      <th>freetime</th>\n",
       "      <th>goout</th>\n",
       "      <th>Dalc</th>\n",
       "      <th>Walc</th>\n",
       "      <th>health</th>\n",
       "      <th>absences</th>\n",
       "      <th>G1</th>\n",
       "      <th>G2</th>\n",
       "      <th>G3</th>\n",
       "    </tr>\n",
       "  </thead>\n",
       "  <tbody>\n",
       "    <tr>\n",
       "      <th>age</th>\n",
       "      <td>1.000000</td>\n",
       "      <td>-0.107832</td>\n",
       "      <td>-0.121050</td>\n",
       "      <td>0.034490</td>\n",
       "      <td>-0.008415</td>\n",
       "      <td>0.319968</td>\n",
       "      <td>-0.020559</td>\n",
       "      <td>-0.004910</td>\n",
       "      <td>0.112805</td>\n",
       "      <td>0.134768</td>\n",
       "      <td>0.086357</td>\n",
       "      <td>-0.008750</td>\n",
       "      <td>0.149998</td>\n",
       "      <td>-0.174322</td>\n",
       "      <td>-0.107119</td>\n",
       "      <td>-0.106505</td>\n",
       "    </tr>\n",
       "    <tr>\n",
       "      <th>Medu</th>\n",
       "      <td>-0.107832</td>\n",
       "      <td>1.000000</td>\n",
       "      <td>0.647477</td>\n",
       "      <td>-0.265079</td>\n",
       "      <td>0.097006</td>\n",
       "      <td>-0.172210</td>\n",
       "      <td>0.024421</td>\n",
       "      <td>-0.019686</td>\n",
       "      <td>0.009536</td>\n",
       "      <td>-0.007018</td>\n",
       "      <td>-0.019766</td>\n",
       "      <td>0.004614</td>\n",
       "      <td>-0.008577</td>\n",
       "      <td>0.260472</td>\n",
       "      <td>0.264035</td>\n",
       "      <td>0.240151</td>\n",
       "    </tr>\n",
       "    <tr>\n",
       "      <th>Fedu</th>\n",
       "      <td>-0.121050</td>\n",
       "      <td>0.647477</td>\n",
       "      <td>1.000000</td>\n",
       "      <td>-0.208288</td>\n",
       "      <td>0.050400</td>\n",
       "      <td>-0.165915</td>\n",
       "      <td>0.020256</td>\n",
       "      <td>0.006841</td>\n",
       "      <td>0.027690</td>\n",
       "      <td>0.000061</td>\n",
       "      <td>0.038445</td>\n",
       "      <td>0.044910</td>\n",
       "      <td>0.029859</td>\n",
       "      <td>0.217501</td>\n",
       "      <td>0.225139</td>\n",
       "      <td>0.211800</td>\n",
       "    </tr>\n",
       "    <tr>\n",
       "      <th>traveltime</th>\n",
       "      <td>0.034490</td>\n",
       "      <td>-0.265079</td>\n",
       "      <td>-0.208288</td>\n",
       "      <td>1.000000</td>\n",
       "      <td>-0.063154</td>\n",
       "      <td>0.097730</td>\n",
       "      <td>-0.009521</td>\n",
       "      <td>0.000937</td>\n",
       "      <td>0.057454</td>\n",
       "      <td>0.092824</td>\n",
       "      <td>0.057007</td>\n",
       "      <td>-0.048261</td>\n",
       "      <td>-0.008149</td>\n",
       "      <td>-0.154120</td>\n",
       "      <td>-0.154489</td>\n",
       "      <td>-0.127173</td>\n",
       "    </tr>\n",
       "    <tr>\n",
       "      <th>studytime</th>\n",
       "      <td>-0.008415</td>\n",
       "      <td>0.097006</td>\n",
       "      <td>0.050400</td>\n",
       "      <td>-0.063154</td>\n",
       "      <td>1.000000</td>\n",
       "      <td>-0.147441</td>\n",
       "      <td>-0.004127</td>\n",
       "      <td>-0.068829</td>\n",
       "      <td>-0.075442</td>\n",
       "      <td>-0.137585</td>\n",
       "      <td>-0.214925</td>\n",
       "      <td>-0.056433</td>\n",
       "      <td>-0.118389</td>\n",
       "      <td>0.260875</td>\n",
       "      <td>0.240498</td>\n",
       "      <td>0.249789</td>\n",
       "    </tr>\n",
       "    <tr>\n",
       "      <th>failures</th>\n",
       "      <td>0.319968</td>\n",
       "      <td>-0.172210</td>\n",
       "      <td>-0.165915</td>\n",
       "      <td>0.097730</td>\n",
       "      <td>-0.147441</td>\n",
       "      <td>1.000000</td>\n",
       "      <td>-0.062645</td>\n",
       "      <td>0.108995</td>\n",
       "      <td>0.045078</td>\n",
       "      <td>0.105949</td>\n",
       "      <td>0.082266</td>\n",
       "      <td>0.035588</td>\n",
       "      <td>0.122779</td>\n",
       "      <td>-0.384210</td>\n",
       "      <td>-0.385782</td>\n",
       "      <td>-0.393316</td>\n",
       "    </tr>\n",
       "    <tr>\n",
       "      <th>famrel</th>\n",
       "      <td>-0.020559</td>\n",
       "      <td>0.024421</td>\n",
       "      <td>0.020256</td>\n",
       "      <td>-0.009521</td>\n",
       "      <td>-0.004127</td>\n",
       "      <td>-0.062645</td>\n",
       "      <td>1.000000</td>\n",
       "      <td>0.129216</td>\n",
       "      <td>0.089707</td>\n",
       "      <td>-0.075767</td>\n",
       "      <td>-0.093511</td>\n",
       "      <td>0.109559</td>\n",
       "      <td>-0.089534</td>\n",
       "      <td>0.048795</td>\n",
       "      <td>0.089588</td>\n",
       "      <td>0.063361</td>\n",
       "    </tr>\n",
       "    <tr>\n",
       "      <th>freetime</th>\n",
       "      <td>-0.004910</td>\n",
       "      <td>-0.019686</td>\n",
       "      <td>0.006841</td>\n",
       "      <td>0.000937</td>\n",
       "      <td>-0.068829</td>\n",
       "      <td>0.108995</td>\n",
       "      <td>0.129216</td>\n",
       "      <td>1.000000</td>\n",
       "      <td>0.346352</td>\n",
       "      <td>0.109904</td>\n",
       "      <td>0.120244</td>\n",
       "      <td>0.084526</td>\n",
       "      <td>-0.018716</td>\n",
       "      <td>-0.094497</td>\n",
       "      <td>-0.106678</td>\n",
       "      <td>-0.122705</td>\n",
       "    </tr>\n",
       "    <tr>\n",
       "      <th>goout</th>\n",
       "      <td>0.112805</td>\n",
       "      <td>0.009536</td>\n",
       "      <td>0.027690</td>\n",
       "      <td>0.057454</td>\n",
       "      <td>-0.075442</td>\n",
       "      <td>0.045078</td>\n",
       "      <td>0.089707</td>\n",
       "      <td>0.346352</td>\n",
       "      <td>1.000000</td>\n",
       "      <td>0.245126</td>\n",
       "      <td>0.388680</td>\n",
       "      <td>-0.015741</td>\n",
       "      <td>0.085374</td>\n",
       "      <td>-0.074053</td>\n",
       "      <td>-0.079469</td>\n",
       "      <td>-0.087641</td>\n",
       "    </tr>\n",
       "    <tr>\n",
       "      <th>Dalc</th>\n",
       "      <td>0.134768</td>\n",
       "      <td>-0.007018</td>\n",
       "      <td>0.000061</td>\n",
       "      <td>0.092824</td>\n",
       "      <td>-0.137585</td>\n",
       "      <td>0.105949</td>\n",
       "      <td>-0.075767</td>\n",
       "      <td>0.109904</td>\n",
       "      <td>0.245126</td>\n",
       "      <td>1.000000</td>\n",
       "      <td>0.616561</td>\n",
       "      <td>0.059067</td>\n",
       "      <td>0.172952</td>\n",
       "      <td>-0.195171</td>\n",
       "      <td>-0.189480</td>\n",
       "      <td>-0.204719</td>\n",
       "    </tr>\n",
       "    <tr>\n",
       "      <th>Walc</th>\n",
       "      <td>0.086357</td>\n",
       "      <td>-0.019766</td>\n",
       "      <td>0.038445</td>\n",
       "      <td>0.057007</td>\n",
       "      <td>-0.214925</td>\n",
       "      <td>0.082266</td>\n",
       "      <td>-0.093511</td>\n",
       "      <td>0.120244</td>\n",
       "      <td>0.388680</td>\n",
       "      <td>0.616561</td>\n",
       "      <td>1.000000</td>\n",
       "      <td>0.114988</td>\n",
       "      <td>0.156373</td>\n",
       "      <td>-0.155649</td>\n",
       "      <td>-0.164852</td>\n",
       "      <td>-0.176619</td>\n",
       "    </tr>\n",
       "    <tr>\n",
       "      <th>health</th>\n",
       "      <td>-0.008750</td>\n",
       "      <td>0.004614</td>\n",
       "      <td>0.044910</td>\n",
       "      <td>-0.048261</td>\n",
       "      <td>-0.056433</td>\n",
       "      <td>0.035588</td>\n",
       "      <td>0.109559</td>\n",
       "      <td>0.084526</td>\n",
       "      <td>-0.015741</td>\n",
       "      <td>0.059067</td>\n",
       "      <td>0.114988</td>\n",
       "      <td>1.000000</td>\n",
       "      <td>-0.030235</td>\n",
       "      <td>-0.051647</td>\n",
       "      <td>-0.082179</td>\n",
       "      <td>-0.098851</td>\n",
       "    </tr>\n",
       "    <tr>\n",
       "      <th>absences</th>\n",
       "      <td>0.149998</td>\n",
       "      <td>-0.008577</td>\n",
       "      <td>0.029859</td>\n",
       "      <td>-0.008149</td>\n",
       "      <td>-0.118389</td>\n",
       "      <td>0.122779</td>\n",
       "      <td>-0.089534</td>\n",
       "      <td>-0.018716</td>\n",
       "      <td>0.085374</td>\n",
       "      <td>0.172952</td>\n",
       "      <td>0.156373</td>\n",
       "      <td>-0.030235</td>\n",
       "      <td>1.000000</td>\n",
       "      <td>-0.147149</td>\n",
       "      <td>-0.124745</td>\n",
       "      <td>-0.091379</td>\n",
       "    </tr>\n",
       "    <tr>\n",
       "      <th>G1</th>\n",
       "      <td>-0.174322</td>\n",
       "      <td>0.260472</td>\n",
       "      <td>0.217501</td>\n",
       "      <td>-0.154120</td>\n",
       "      <td>0.260875</td>\n",
       "      <td>-0.384210</td>\n",
       "      <td>0.048795</td>\n",
       "      <td>-0.094497</td>\n",
       "      <td>-0.074053</td>\n",
       "      <td>-0.195171</td>\n",
       "      <td>-0.155649</td>\n",
       "      <td>-0.051647</td>\n",
       "      <td>-0.147149</td>\n",
       "      <td>1.000000</td>\n",
       "      <td>0.864982</td>\n",
       "      <td>0.826387</td>\n",
       "    </tr>\n",
       "    <tr>\n",
       "      <th>G2</th>\n",
       "      <td>-0.107119</td>\n",
       "      <td>0.264035</td>\n",
       "      <td>0.225139</td>\n",
       "      <td>-0.154489</td>\n",
       "      <td>0.240498</td>\n",
       "      <td>-0.385782</td>\n",
       "      <td>0.089588</td>\n",
       "      <td>-0.106678</td>\n",
       "      <td>-0.079469</td>\n",
       "      <td>-0.189480</td>\n",
       "      <td>-0.164852</td>\n",
       "      <td>-0.082179</td>\n",
       "      <td>-0.124745</td>\n",
       "      <td>0.864982</td>\n",
       "      <td>1.000000</td>\n",
       "      <td>0.918548</td>\n",
       "    </tr>\n",
       "    <tr>\n",
       "      <th>G3</th>\n",
       "      <td>-0.106505</td>\n",
       "      <td>0.240151</td>\n",
       "      <td>0.211800</td>\n",
       "      <td>-0.127173</td>\n",
       "      <td>0.249789</td>\n",
       "      <td>-0.393316</td>\n",
       "      <td>0.063361</td>\n",
       "      <td>-0.122705</td>\n",
       "      <td>-0.087641</td>\n",
       "      <td>-0.204719</td>\n",
       "      <td>-0.176619</td>\n",
       "      <td>-0.098851</td>\n",
       "      <td>-0.091379</td>\n",
       "      <td>0.826387</td>\n",
       "      <td>0.918548</td>\n",
       "      <td>1.000000</td>\n",
       "    </tr>\n",
       "  </tbody>\n",
       "</table>\n",
       "</div>"
      ],
      "text/plain": [
       "                 age      Medu      Fedu  traveltime  studytime  failures  \\\n",
       "age         1.000000 -0.107832 -0.121050    0.034490  -0.008415  0.319968   \n",
       "Medu       -0.107832  1.000000  0.647477   -0.265079   0.097006 -0.172210   \n",
       "Fedu       -0.121050  0.647477  1.000000   -0.208288   0.050400 -0.165915   \n",
       "traveltime  0.034490 -0.265079 -0.208288    1.000000  -0.063154  0.097730   \n",
       "studytime  -0.008415  0.097006  0.050400   -0.063154   1.000000 -0.147441   \n",
       "failures    0.319968 -0.172210 -0.165915    0.097730  -0.147441  1.000000   \n",
       "famrel     -0.020559  0.024421  0.020256   -0.009521  -0.004127 -0.062645   \n",
       "freetime   -0.004910 -0.019686  0.006841    0.000937  -0.068829  0.108995   \n",
       "goout       0.112805  0.009536  0.027690    0.057454  -0.075442  0.045078   \n",
       "Dalc        0.134768 -0.007018  0.000061    0.092824  -0.137585  0.105949   \n",
       "Walc        0.086357 -0.019766  0.038445    0.057007  -0.214925  0.082266   \n",
       "health     -0.008750  0.004614  0.044910   -0.048261  -0.056433  0.035588   \n",
       "absences    0.149998 -0.008577  0.029859   -0.008149  -0.118389  0.122779   \n",
       "G1         -0.174322  0.260472  0.217501   -0.154120   0.260875 -0.384210   \n",
       "G2         -0.107119  0.264035  0.225139   -0.154489   0.240498 -0.385782   \n",
       "G3         -0.106505  0.240151  0.211800   -0.127173   0.249789 -0.393316   \n",
       "\n",
       "              famrel  freetime     goout      Dalc      Walc    health  \\\n",
       "age        -0.020559 -0.004910  0.112805  0.134768  0.086357 -0.008750   \n",
       "Medu        0.024421 -0.019686  0.009536 -0.007018 -0.019766  0.004614   \n",
       "Fedu        0.020256  0.006841  0.027690  0.000061  0.038445  0.044910   \n",
       "traveltime -0.009521  0.000937  0.057454  0.092824  0.057007 -0.048261   \n",
       "studytime  -0.004127 -0.068829 -0.075442 -0.137585 -0.214925 -0.056433   \n",
       "failures   -0.062645  0.108995  0.045078  0.105949  0.082266  0.035588   \n",
       "famrel      1.000000  0.129216  0.089707 -0.075767 -0.093511  0.109559   \n",
       "freetime    0.129216  1.000000  0.346352  0.109904  0.120244  0.084526   \n",
       "goout       0.089707  0.346352  1.000000  0.245126  0.388680 -0.015741   \n",
       "Dalc       -0.075767  0.109904  0.245126  1.000000  0.616561  0.059067   \n",
       "Walc       -0.093511  0.120244  0.388680  0.616561  1.000000  0.114988   \n",
       "health      0.109559  0.084526 -0.015741  0.059067  0.114988  1.000000   \n",
       "absences   -0.089534 -0.018716  0.085374  0.172952  0.156373 -0.030235   \n",
       "G1          0.048795 -0.094497 -0.074053 -0.195171 -0.155649 -0.051647   \n",
       "G2          0.089588 -0.106678 -0.079469 -0.189480 -0.164852 -0.082179   \n",
       "G3          0.063361 -0.122705 -0.087641 -0.204719 -0.176619 -0.098851   \n",
       "\n",
       "            absences        G1        G2        G3  \n",
       "age         0.149998 -0.174322 -0.107119 -0.106505  \n",
       "Medu       -0.008577  0.260472  0.264035  0.240151  \n",
       "Fedu        0.029859  0.217501  0.225139  0.211800  \n",
       "traveltime -0.008149 -0.154120 -0.154489 -0.127173  \n",
       "studytime  -0.118389  0.260875  0.240498  0.249789  \n",
       "failures    0.122779 -0.384210 -0.385782 -0.393316  \n",
       "famrel     -0.089534  0.048795  0.089588  0.063361  \n",
       "freetime   -0.018716 -0.094497 -0.106678 -0.122705  \n",
       "goout       0.085374 -0.074053 -0.079469 -0.087641  \n",
       "Dalc        0.172952 -0.195171 -0.189480 -0.204719  \n",
       "Walc        0.156373 -0.155649 -0.164852 -0.176619  \n",
       "health     -0.030235 -0.051647 -0.082179 -0.098851  \n",
       "absences    1.000000 -0.147149 -0.124745 -0.091379  \n",
       "G1         -0.147149  1.000000  0.864982  0.826387  \n",
       "G2         -0.124745  0.864982  1.000000  0.918548  \n",
       "G3         -0.091379  0.826387  0.918548  1.000000  "
      ]
     },
     "execution_count": 5,
     "metadata": {},
     "output_type": "execute_result"
    }
   ],
   "source": [
    "std.corr()"
   ]
  },
  {
   "cell_type": "code",
   "execution_count": 6,
   "id": "d2df8faf",
   "metadata": {
    "scrolled": true
   },
   "outputs": [
    {
     "name": "stderr",
     "output_type": "stream",
     "text": [
      "C:\\Users\\RITESH PRADHAN\\AppData\\Local\\Temp\\ipykernel_17836\\3645490081.py:3: FutureWarning: The default value of numeric_only in DataFrame.corr is deprecated. In a future version, it will default to False. Select only valid columns or specify the value of numeric_only to silence this warning.\n",
      "  sns.heatmap(data=std.corr(),annot=True).set_title('Correlation between Scores')\n"
     ]
    },
    {
     "data": {
      "text/plain": [
       "Text(0.5, 1.0, 'Correlation between\\xa0Scores')"
      ]
     },
     "execution_count": 6,
     "metadata": {},
     "output_type": "execute_result"
    },
    {
     "data": {
